T[eV,lin]           D[g/cm^3,lin]       P[GPa,lin]          ET[atm,lin]         
+2.7211385e+01      +1.0000000e+00      +4.0682853e+02      +1.0931655e+01      
+3.3258359e+01      +1.2222222e+00      +5.4610841e+02      +1.4797257e+01      
+3.9305333e+01      +1.4444444e+00      +6.9820375e+02      +1.8988629e+01      
+4.5352308e+01      +1.6666667e+00      +8.6174645e+02      +2.3461206e+01      
+5.1399282e+01      +1.8888889e+00      +1.0355952e+03      +2.8178092e+01      
+5.7446256e+01      +2.1111111e+00      +1.2187761e+03      +3.3107845e+01      
+6.3493231e+01      +2.3333333e+00      +1.4104425e+03      +3.8225274e+01      
+6.9540205e+01      +2.5555556e+00      +1.6098509e+03      +4.3506977e+01      
+7.5587179e+01      +2.7777778e+00      +1.8163406e+03      +4.8933609e+01      
+8.1634154e+01      +3.0000000e+00      +2.0293202e+03      +5.4487928e+01      
+2.7211385e+01      +1.0000000e+00      +4.9691613e+02      -2.0425877e+02      
+3.3258359e+01      +1.2222222e+00      +6.6461937e+02      -2.0053136e+02      
+3.9305333e+01      +1.4444444e+00      +8.4756257e+02      -1.9648737e+02      
+4.5352308e+01      +1.6666667e+00      +1.0441527e+03      -1.9216925e+02      
+5.1399282e+01      +1.8888889e+00      +1.2530615e+03      -1.8761228e+02      
+5.7446256e+01      +2.1111111e+00      +1.4731546e+03      -1.8284565e+02      
+6.3493231e+01      +2.3333333e+00      +1.7034470e+03      -1.7789431e+02      
+6.9540205e+01      +2.5555556e+00      +1.9430709e+03      -1.7277918e+02      
+7.5587179e+01      +2.7777778e+00      +2.1912561e+03      -1.6751933e+02      
+8.1634154e+01      +3.0000000e+00      +2.4473111e+03      -1.6213078e+02      
+2.7211385e+01      +1.0000000e+00      +5.8835202e+02      -1.5562721e+02      
+3.3258359e+01      +1.2222222e+00      +7.8421931e+02      -1.5201137e+02      
+3.9305333e+01      +1.4444444e+00      +9.9767175e+02      -1.4808716e+02      
+4.5352308e+01      +1.6666667e+00      +1.2269016e+03      -1.4389459e+02      
+5.1399282e+01      +1.8888889e+00      +1.4704035e+03      -1.3946849e+02      
+5.7446256e+01      +2.1111111e+00      +1.7268898e+03      -1.3483526e+02      
+6.3493231e+01      +2.3333333e+00      +1.9952436e+03      -1.3001951e+02      
+6.9540205e+01      +2.5555556e+00      +2.2744807e+03      -1.2504135e+02      
+7.5587179e+01      +2.7777778e+00      +2.5637269e+03      -1.1991948e+02      
+8.1634154e+01      +3.0000000e+00      +2.8621954e+03      -1.1466844e+02      
+2.7211385e+01      +1.0000000e+00      +6.8125745e+02      -4.9079961e+01      
+3.3258359e+01      +1.2222222e+00      +9.0509508e+02      -4.5557857e+01      
+3.9305333e+01      +1.4444444e+00      +1.1487957e+03      -4.1733672e+01      
+4.5352308e+01      +1.6666667e+00      +1.4103468e+03      -3.7647385e+01      
+5.1399282e+01      +1.8888889e+00      +1.6880705e+03      -3.3330592e+01      
+5.7446256e+01      +2.1111111e+00      +1.9805357e+03      -2.8810620e+01      
+6.3493231e+01      +2.3333333e+00      +2.2864972e+03      -2.4109518e+01      
+6.9540205e+01      +2.5555556e+00      +2.6048595e+03      -1.9247367e+01      
+7.5587179e+01      +2.7777778e+00      +2.9346485e+03      -1.4241871e+01      
+8.1634154e+01      +3.0000000e+00      +3.2749883e+03      -9.1078283e+00      
+2.7211385e+01      +1.0000000e+00      +7.7571459e+02      -1.8248584e+02      
+3.3258359e+01      +1.2222222e+00      +1.0273726e+03      -1.7904378e+02      
+3.9305333e+01      +1.4444444e+00      +1.3011146e+03      -1.7530590e+02      
+4.5352308e+01      +1.6666667e+00      +1.5947285e+03      -1.7131034e+02      
+5.1399282e+01      +1.8888889e+00      +1.9063720e+03      -1.6708795e+02      
+5.7446256e+01      +2.1111111e+00      +2.2344732e+03      -1.6266476e+02      
+6.3493231e+01      +2.3333333e+00      +2.5776661e+03      -1.5806279e+02      
+6.9540205e+01      +2.5555556e+00      +2.9347474e+03      -1.5330111e+02      
+7.5587179e+01      +2.7777778e+00      +3.3046465e+03      -1.4839664e+02      
+8.1634154e+01      +3.0000000e+00      +3.6864018e+03      -1.4336412e+02      
+2.7211385e+01      +1.0000000e+00      +8.7178222e+02      -6.0071072e+01      
+3.3258359e+01      +1.2222222e+00      +1.1511419e+03      -5.6699077e+01      
+3.9305333e+01      +1.4444444e+00      +1.4547565e+03      -5.3036427e+01      
+4.5352308e+01      +1.6666667e+00      +1.7802200e+03      -4.9120161e+01      
+5.1399282e+01      +1.8888889e+00      +2.1255306e+03      -4.4980387e+01      
+5.7446256e+01      +2.1111111e+00      +2.4889808e+03      -4.0642355e+01      
+6.3493231e+01      +2.3333333e+00      +2.8690868e+03      -3.6127390e+01      
+6.9540205e+01      +2.5555556e+00      +3.2645414e+03      -3.1453967e+01      
+7.5587179e+01      +2.7777778e+00      +3.6741807e+03      -2.6638330e+01      
+8.1634154e+01      +3.0000000e+00      +4.0969609e+03      -2.1695276e+01      
+2.7211385e+01      +1.0000000e+00      +9.6950519e+02      -1.6631340e+02      
+3.3258359e+01      +1.2222222e+00      +1.2764698e+03      -1.6300299e+02      
+3.9305333e+01      +1.4444444e+00      +1.6098167e+03      -1.5940679e+02      
+4.5352308e+01      +1.6666667e+00      +1.9669503e+03      -1.5556078e+02      
+5.1399282e+01      +1.8888889e+00      +2.3457131e+03      -1.5149418e+02      
+5.7446256e+01      +2.1111111e+00      +2.7442664e+03      -1.4723194e+02      
+6.3493231e+01      +2.3333333e+00      +3.1610112e+03      -1.4279422e+02      
+6.9540205e+01      +2.5555556e+00      +3.5945408e+03      -1.3819964e+02      
+7.5587179e+01      +2.7777778e+00      +4.0435999e+03      -1.3346325e+02      
+8.1634154e+01      +3.0000000e+00      +4.5070632e+03      -1.2859951e+02      
+2.7211385e+01      +1.0000000e+00      +1.0689177e+03      +8.6169990e-01      
+3.3258359e+01      +1.2222222e+00      +1.4034079e+03      +4.1164623e+00      
+3.9305333e+01      +1.4444444e+00      +1.7663684e+03      +7.6533345e+00      
+4.5352308e+01      +1.6666667e+00      +2.1550186e+03      +1.1436266e+01      
+5.1399282e+01      +1.8888889e+00      +2.5670489e+03      +1.5436931e+01      
+5.7446256e+01      +2.1111111e+00      +3.0004909e+03      +1.9631569e+01      
+6.3493231e+01      +2.3333333e+00      +3.4536361e+03      +2.3999515e+01      
+6.9540205e+01      +2.5555556e+00      +3.9249784e+03      +2.8523446e+01      
+7.5587179e+01      +2.7777778e+00      +4.4131758e+03      +3.3188278e+01      
+8.1634154e+01      +3.0000000e+00      +4.9170255e+03      +3.7979648e+01      
+2.7211385e+01      +1.0000000e+00      +1.1700488e+03      -1.1470436e+02      
+3.3258359e+01      +1.2222222e+00      +1.5319966e+03      -1.1149935e+02      
+3.9305333e+01      +1.4444444e+00      +1.9244695e+03      -1.0801640e+02      
+4.5352308e+01      +1.6666667e+00      +2.3445031e+03      -1.0429049e+02      
+5.1399282e+01      +1.8888889e+00      +2.7896389e+03      -1.0034941e+02      
+5.7446256e+01      +2.1111111e+00      +3.2577823e+03      -9.6216267e+01      
+6.3493231e+01      +2.3333333e+00      +3.7471166e+03      -9.1911363e+01      
+6.9540205e+01      +2.5555556e+00      +4.2560398e+03      -8.7451533e+01      
+7.5587179e+01      +2.7777778e+00      +4.7831259e+03      -8.2851958e+01      
+8.1634154e+01      +3.0000000e+00      +5.3270926e+03      -7.8125765e+01      
+2.7211385e+01      +1.0000000e+00      +1.2729218e+03      -1.7837421e+02      
+3.3258359e+01      +1.2222222e+00      +1.6622692e+03      -1.7521461e+02      
+3.9305333e+01      +1.4444444e+00      +2.0841665e+03      -1.7178105e+02      
+4.5352308e+01      +1.6666667e+00      +2.5354667e+03      -1.6810703e+02      
+5.1399282e+01      +1.8888889e+00      +3.0135647e+03      -1.6422008e+02      
+5.7446256e+01      +2.1111111e+00      +3.5162437e+03      -1.6014335e+02      
+6.3493231e+01      +2.3333333e+00      +4.0415786e+03      -1.5589582e+02      
+6.9540205e+01      +2.5555556e+00      +4.5878760e+03      -1.5149479e+02      
+7.5587179e+01      +2.7777778e+00      +5.1536260e+03      -1.4695482e+02      
+8.1634154e+01      +3.0000000e+00      +5.7374719e+03      -1.4228885e+02      
