x                   phi                 dphi                psi                 dpsi                
+1.000000e+00       +4.100580e+00       +4.100580e+00       -1.536573e+01       -1.536573e+01       
+9.999990e-01       +4.100576e+00       +4.100576e+00       -1.536571e+01       -1.536573e+01       
+9.999930e-01       +4.100552e+00       +4.100551e+00       -1.536562e+01       -1.536572e+01       
+9.999570e-01       +4.100404e+00       +4.100402e+00       -1.536507e+01       -1.536568e+01       
+9.997410e-01       +4.099518e+00       +4.099509e+00       -1.536175e+01       -1.536545e+01       
+9.984450e-01       +4.094209e+00       +4.094156e+00       -1.534184e+01       -1.536404e+01       
+9.906690e-01       +4.062497e+00       +4.062178e+00       -1.522240e+01       -1.535562e+01       
+9.440130e-01       +3.877363e+00       +3.875405e+00       -1.450712e+01       -1.530676e+01       
+6.640770e-01       +2.933092e+00       +2.911684e+00       -1.025416e+01       -1.511341e+01       
+4.671112e-01       +2.415729e+00       +2.354093e+00       -7.277114e+00       -1.514574e+01       
+2.701455e-01       +2.002452e+00       +1.845334e+00       -4.273229e+00       -1.540124e+01       
+1.864396e-01       +1.857145e+00       +1.624233e+00       -2.975969e+00       -1.560617e+01       
+1.027336e-01       +1.731256e+00       +1.376140e+00       -1.658275e+00       -1.589403e+01       
+7.191919e-02       +1.690483e+00       +1.267649e+00       -1.166490e+00       -1.602818e+01       
+4.110476e-02       +1.653354e+00       +1.136905e+00       -6.702615e-01       -1.618337e+01       
+2.852285e-02       +1.639454e+00       +1.070804e+00       -4.662014e-01       -1.625458e+01       
+1.594094e-02       +1.626474e+00       +9.886262e-01       -2.612089e-01       -1.633188e+01       
+1.118937e-02       +1.621867e+00       +9.494638e-01       -1.835332e-01       -1.636309e+01       
+6.437802e-03       +1.617466e+00       +9.008195e-01       -1.057058e-01       -1.639576e+01       
+4.465292e-03       +1.615714e+00       +8.753477e-01       -7.335120e-02       -1.640986e+01       
+2.492782e-03       +1.614017e+00       +8.433155e-01       -4.096836e-02       -1.642437e+01       
+1.678664e-03       +1.613337e+00       +8.263532e-01       -2.759451e-02       -1.643051e+01       
+8.645475e-04       +1.612673e+00       +8.044577e-01       -1.421562e-02       -1.643676e+01       
+5.766532e-04       +1.612443e+00       +7.942609e-01       -9.483250e-03       -1.643901e+01       
+2.887589e-04       +1.612216e+00       +7.809809e-01       -4.750227e-03       -1.644128e+01       
+1.926022e-04       +1.612141e+00       +7.750900e-01       -3.169251e-03       -1.644205e+01       
+9.644546e-05       +1.612067e+00       +7.674167e-01       -1.588201e-03       -1.644282e+01       
+6.432912e-05       +1.612042e+00       +7.640126e-01       -1.060114e-03       -1.644308e+01       
+3.221278e-05       +1.612018e+00       +7.595783e-01       -5.320180e-04       -1.644334e+01       
+2.148593e-05       +1.612010e+00       +7.576110e-01       -3.556323e-04       -1.644342e+01       
+1.075907e-05       +1.612001e+00       +7.550483e-01       -1.792456e-04       -1.644351e+01       
+7.176299e-06       +1.611999e+00       +7.539114e-01       -1.203322e-04       -1.644354e+01       
+3.593529e-06       +1.611996e+00       +7.524304e-01       -6.141871e-05       -1.644357e+01       
+2.396884e-06       +1.611995e+00       +7.517733e-01       -4.174159e-05       -1.644358e+01       
+1.200239e-06       +1.611994e+00       +7.509174e-01       -2.206445e-05       -1.644359e+01       
+8.005592e-07       +1.611994e+00       +7.505377e-01       -1.549229e-05       -1.644359e+01       
+4.008797e-07       +1.611994e+00       +7.500430e-01       -8.920119e-06       -1.644359e+01       
+2.673868e-07       +1.611994e+00       +7.498236e-01       -6.725015e-06       -1.644360e+01       
+1.338938e-07       +1.611993e+00       +7.495377e-01       -4.529911e-06       -1.644360e+01       
+8.930719e-08       +1.611993e+00       +7.494109e-01       -3.796746e-06       -1.644360e+01       
+4.472054e-08       +1.611993e+00       +7.492457e-01       -3.063581e-06       -1.644360e+01       
+2.982860e-08       +1.611993e+00       +7.491724e-01       -2.818704e-06       -1.644360e+01       
+1.493666e-08       +1.611993e+00       +7.490769e-01       -2.573827e-06       -1.644360e+01       
+9.962753e-09       +1.611993e+00       +7.490345e-01       -2.492038e-06       -1.644360e+01       
+4.988845e-09       +1.611993e+00       +7.489793e-01       -2.410249e-06       -1.644360e+01       
+3.327559e-09       +1.611993e+00       +7.489549e-01       -2.382931e-06       -1.644360e+01       
+1.666274e-09       +1.611993e+00       +7.489230e-01       -2.355614e-06       -1.644360e+01       
+1.111405e-09       +1.611993e+00       +7.489088e-01       -2.346490e-06       -1.644360e+01       
+5.565356e-10       +1.611993e+00       +7.488904e-01       -2.337366e-06       -1.644360e+01       
+3.712092e-10       +1.611993e+00       +7.488822e-01       -2.334318e-06       -1.644360e+01       
+1.858829e-10       +1.611993e+00       +7.488716e-01       -2.331271e-06       -1.644360e+01       
+1.239839e-10       +1.611993e+00       +7.488668e-01       -2.330253e-06       -1.644360e+01       
+6.208488e-11       +1.611993e+00       +7.488607e-01       -2.329235e-06       -1.644360e+01       
+4.141061e-11       +1.611993e+00       +7.488579e-01       -2.328895e-06       -1.644360e+01       
+2.073635e-11       +1.611993e+00       +7.488544e-01       -2.328555e-06       -1.644360e+01       
+1.383115e-11       +1.611993e+00       +7.488528e-01       -2.328442e-06       -1.644360e+01       
+6.925941e-12       +1.611993e+00       +7.488508e-01       -2.328328e-06       -1.644360e+01       
+4.619603e-12       +1.611993e+00       +7.488498e-01       -2.328290e-06       -1.644360e+01       
+2.313264e-12       +1.611993e+00       +7.488487e-01       -2.328252e-06       -1.644360e+01       
+1.542947e-12       +1.611993e+00       +7.488481e-01       -2.328240e-06       -1.644360e+01       
+7.726303e-13       +1.611993e+00       +7.488474e-01       -2.328227e-06       -1.644360e+01       
+4.844139e-13       +1.611993e+00       +7.488471e-01       -2.328222e-06       -1.644360e+01       
+1.961976e-13       +1.611993e+00       +7.488466e-01       -2.328218e-06       -1.644360e+01       
+1.093267e-13       +1.611993e+00       +7.488464e-01       -2.328216e-06       -1.644360e+01       
+2.245579e-14       +1.611993e+00       +7.488461e-01       -2.328215e-06       -1.644360e+01       
+9.415879e-15       +1.611993e+00       +7.488460e-01       -2.328215e-06       -1.644360e+01       
+3.319542e-15       +1.611993e+00       +7.488459e-01       -2.328214e-06       -1.644360e+01       
+8.702728e-16       +1.611993e+00       +7.488458e-01       -2.328214e-06       -1.644360e+01       
+1.105575e-16       +1.611993e+00       +7.488458e-01       -2.328214e-06       -1.644360e+01       
+0.000000e+00       +1.611993e+00       +7.488457e-01       -2.328214e-06       -1.644360e+01       
